   1.00000000000000       2.368475785867001E-016  1.210161730824666E-008 -1.924386576016938E-016 -2.184374844708496E-008  7.771561172376097E-017  2.411510701868144E-008  9.621932880084690E-017 -2.009902061820649E-008 -3.108624468950437E-016
  2.368475785867001E-016   1.00000000000000      -1.110223024625157E-017 -2.272688125100804E-008 -1.924386576016938E-016  1.022559995937181E-008  4.440892098500626E-016  6.953962790786269E-009 -5.403085386509093E-016 -1.911488862009018E-008
  1.210161730824666E-008 -1.110223024625157E-017   1.00000000000000      -1.850371707708594E-016 -5.267078069988903E-010  4.366877230192283E-016  1.366897660245077E-008 -3.145631903104603E-016 -1.242872293231538E-008  1.554312234475344E-016
 -1.924386576016938E-016 -2.272688125100804E-008 -1.850371707708594E-016   1.00000000000000       4.070817756958908E-016  1.030170748705928E-008 -2.090920029710701E-016 -5.094199336438029E-009  1.184237892933725E-016 -1.027723625461145E-008
 -2.184374844708496E-008 -1.924386576016938E-016 -5.267078069988903E-010  4.070817756958908E-016   1.00000000000000      -1.628327102783550E-016 -5.959709403757785E-009  1.702341971092232E-016 -1.185655063018487E-008 -1.628327102777621E-016
  7.771561172376097E-017  1.022559995937181E-008  4.366877230192283E-016  1.030170748705928E-008 -1.628327102783550E-016   1.00000000000000       2.664535259100766E-016 -1.749271521707859E-008 -1.184237892925317E-016 -2.690761929010262E-008
  2.411510701868144E-008  4.440892098500626E-016  1.366897660245077E-008 -2.090920029710701E-016 -5.959709403757785E-009  2.664535259100766E-016   1.00000000000000      -4.440892098404891E-017 -4.233031594876498E-008 -1.036208156142053E-016
  9.621932880084690E-017  6.953962790786269E-009 -3.145631903104603E-016 -5.094199336438029E-009  1.702341971092232E-016 -1.749271521707859E-008 -4.440892098404891E-017   1.00000000000000      -1.036208156115996E-016 -4.106455447165184E-008
 -2.009902061820649E-008 -5.403085386509093E-016 -1.242872293231538E-008  1.184237892933725E-016 -1.185655063018487E-008 -1.184237892925317E-016 -4.233031594876498E-008 -1.036208156115996E-016   1.00000000000000       2.072416316300349E-016
 -3.108624468950437E-016 -1.911488862009018E-008  1.554312234475344E-016 -1.027723625461145E-008 -1.628327102777621E-016 -2.690761929010262E-008 -1.036208156142053E-016 -4.106455447165184E-008  2.072416316300349E-016   1.00000000000001     
